WBIC,elevation_difference,r_forest,W_DARCY,slope
779300,6.367153967000036,7.3800001,4.2,0.613823632175275
1859400,26.776391562000015,25.0000004,-91.7999999999999,1.509672171079964
1002600,19.160218617999988,65.4899998,-140.699999999999,1.3611554037345357
8900,22.180716835999988,38.6199989,-10.3,1.3322827006986762
63700,34.56846544000001,34.1100002,-254.8,1.9879757878060318
421600,22.60794619799998,10.9899998,-49.2999999999999,1.212198663423411
502300,15.841763735999962,41.3300018,-87.5,1.3252012270714848
2466300,20.798011836,46.2599992,-50.3999999999999,1.4117330129859162
192500,6.184362580000027,21.2900009,-1.8,0.8056849907213827
117500,24.791941167000004,37.8100014,-56.7999999999999,1.4432007397647824
1834400,18.755524967999975,73.4700012,-218.599999999999,1.1309713738868248
82900,14.774917963000036,19.3899994,1.1,0.9380183561185188
240900,7.848472275999995,31.4899998,-41.6,1.0470813363870288
585400,24.172263200999964,65.0700016,-120.3,1.4907185767265407
519700,16.750570101000022,30.079999400000002,-53.7,1.2363847342110401
2459800,11.805849658,48.3499984,4.7,1.2347336626506564
741600,17.092015448000012,9.7100006,-13.6999999999999,0.9325510256150952
2730800,17.33443820100001,71.4099998,-496.399999999999,0.5017506252830914
1838500,13.386951519000036,41.4099998,-25.8,1.210659377459275
1844500,19.43973765000004,62.020000499999995,-114.9,1.4101518010988525
2317900,12.222067645000038,34.7600001,-52.3999999999999,1.1755683518513826
740400,19.458595428999985,23.8800002,-139.099999999999,1.5111171800235856
1020600,25.558582249999972,48.9700003,-107.599999999999,1.5352303589780356
2313100,14.363252307000039,45.2400003,-28.1999999999999,1.2664844760732326
198800,30.276727920999974,11.9700001,-2.4,1.1607155444673996
2264200,25.703953705999993,20.110000200000002,-136.199999999999,1.634063824979639
418000,29.69907333499998,37.3699995,-101.599999999999,1.604309655633429
2734700,13.75369974299997,57.8200001,-109.4,1.3077422373103271
1179000,21.513654493000047,33.3100014,-123.3,1.4869782675486458
1877900,10.980159436000008,53.79,-62.5,1.2682818595937795
991900,14.098061173999952,34.0300007,-243.4,1.5734854363979611
1858900,11.765881100000001,40.039999,-132,1.299208814478635
1015100,23.10343833500002,37.1300006,-205,1.6397418357220168
774200,22.64536050199999,10.8900003,-44.7,1.1915398846258312
1856700,18.56897710999999,49.880000100000004,-80.7999999999999,1.3968723823176274
967900,18.159542859999988,51.809999499999996,-179.599999999999,1.388273346588803
2498900,15.524740244000043,25.6800003,-64.5999999999999,1.2168741635355573
1835600,17.522606682999992,71.1800004,-36.7,1.5413785937018487
1887500,28.948891263000007,66.11000080000001,-196,1.4551984142312437
2090900,17.594375254,37.7699995,3.9,1.2133800538910535
2454000,21.852027368999984,87.3300018,-185.5,1.1538724944343484
2767300,55.652372172000014,53.0300007,-141.4,2.1079077111248807
994400,39.65237609099995,68.3600006,-284.399999999999,1.46975332053182
1851200,16.91762489300004,72.170001,-5.7,1.6103115262397731
1000900,24.951724630999934,71.5599962,-106.7,1.5281856894034433
104600,32.63178025499997,26.2100005,-146.5,1.777346742166241
991000,10.511556044999963,30.2600002,5.4,0.9791621934493916
1862100,26.604959234000034,70.1399994,-350.199999999999,1.0444981443994084
972500,26.996695047999992,54.1400004,-162,1.5456368075279978
1883700,7.732308130999968,26.450000300000003,5.7,0.8763153370840581
1670030,32.56973447199999,14.5,-67.0999999999999,1.5001472793371373
2597700,27.266844820000017,15.059999699999999,-70.2999999999999,1.4136179324228455
2201400,30.855441006000035,53.1599984,-150.599999999999,1.62823199101711
984400,17.630800480999994,37.46,-185.8,1.5013999241544176
1009800,11.210593414000016,54.0699997,-15.6999999999999,1.2891581728042008
1832900,8.32345919300002,47.5600014,-15.8,1.1660568393965989
41900,11.454047203000016,3.03,-119.099999999999,1.3204339371016427
2497000,6.508142967000026,54.3699999,-171.199999999999,1.1467314290570438
501700,21.769148321000046,46.4399986,-57.7,1.4354751660089247
589400,11.995420550999995,32.1900001,5.4,1.032302857077768
1176700,8.99684603899999,51.3899985,-33.2999999999999,1.2183640884218605
979000,28.983689685,40.730000000000004,-32.8999999999999,1.5128131434662246
104200,20.675978209999982,43.16999920000001,-119.2,1.4510144144090336
989200,31.432830988000035,41.9099989,-80.7,1.6195426143237723
94300,20.127253634999988,9.79,0,0.9284275667835049
984800,18.80204917599997,30.3900002,-130.5,1.4563238863600951
425600,31.237541557999975,12.46,-185.699999999999,1.978357865511881
2470900,17.88313078599998,71.03000019999999,-155.3,1.284385311005108
1865200,15.287067774000036,71.83000179999999,-183.099999999999,1.1661878104306787
1849700,8.471639513000014,25.0999997,-2.5,0.8972114488147654
108200,14.432018538000023,12.01,-0.1,0.8462080339003041
2340100,30.730483159000016,20.6599998,-121.9,1.6803072995606736
1019600,11.129737318000025,48.330000399999996,-7.3,1.2253187332540938
2496800,14.004354271000011,47.3200006,-32.8999999999999,1.2803044304723297
2476000,15.363400862000049,52.0299988,-265.6,1.3247580053689036
2043700,21.52599119399997,12.280000300000001,-119.8,1.5064750199660393
181900,45.441791138999974,48.809999,-488.899999999999,2.019701504432535
1884200,22.348742132999973,66.9599991,-163.599999999999,1.376930844059208
199300,16.726695113999995,45.7200015,-37.2999999999999,1.321851177974342
197300,42.977859120999995,5.2799999,-79.2,1.7197422581904425
994700,20.068647284000008,52.8200006,-322.3,1.3911965562694808
2282200,16.28540409499999,20.8300004,-42.2999999999999,1.1319941089810646
1872700,13.750327405000007,41.1999995,-16,1.2047592784866314
2755600,30.18056191400001,67.9100008,-207.199999999999,1.4404233044327788
2763300,20.400174107999987,43.2900007,-3.7,1.3434833858428556
2454500,22.99142460799999,58.6799984,-361.5,1.2748039716080841
589800,25.37665202200003,24.170000100000003,-61.3999999999999,1.3893717988036602
42800,21.21140217200002,12.4399996,-70.7999999999999,1.288035809911332
185300,34.893805197999995,25.9400006,-34.7999999999999,1.5067874009183202
2498800,27.104067004,55.3800014,-58.3999999999999,1.588673953723115
45200,42.67437945399996,21.8500004,-18.6,1.5696618323677316
2452400,28.696875321999983,76.6800018,-6.8,1.8857160933231316
999200,9.387928328999976,22.0799999,-23.1,0.9460582564678639
2483600,25.35103268900002,73.73000049999999,-4.6,1.7933083739199434
2296500,14.83956071199998,29.8499994,-39,1.1631343241951737
2601000,37.716840902,18.4099998,-97.9,1.7301673615490576
2501300,14.93368054900003,74.4099975,-229.199999999999,1.0183916954110106
102100,24.314324476000024,18.7700005,-88.5999999999999,1.438988485739301
504300,54.974350896999994,34.7700005,0.5,1.9012399508054796
2480600,14.999500623000017,36.710000799999996,-162,1.4186996785782529
2731800,24.021799293000015,60.3600005,-378.6,1.229674450947062
979100,12.935891809999987,31.1600008,-59.5,1.182588892898734
184300,31.73714501500001,24.7900009,-97.0999999999999,1.6203792543454805
783750,55.71481323300003,3.29,-185.8,2.528887885424122
502000,57.373990531000004,21.7500003,-134.599999999999,2.2331982085925812
182200,19.17870979899999,35.7499991,-92.0999999999999,1.3841881089723025
1856500,24.46348139700001,60.1099982,-33.7,1.588982326876114
2450900,8.176660836999986,45.190000000000005,-35.2,1.151682798535787
1855100,22.670581396999978,45.5899996,-63.2999999999999,1.4514968035192801
189100,32.888955442,15.22,-95.7,1.6245950605959496
1851900,39.65496418099997,64.9700012,-127.599999999999,1.777565597645045
427300,40.939959853999994,15.3499999,-378.399999999999,2.9119899316297375
1005600,24.266071693000015,41.8300007,-70.7999999999999,1.471012927602975
1873600,18.935118941999974,62.659998200000004,-45.7,1.488578631311927
1861400,28.61144034,68.0500012,-124.7,1.5639760793260509
2046500,22.455567618000032,24.429999300000002,-71.4,1.3644390548540384
2466400,18.333316509999975,83.8600006,-145.199999999999,1.2629978626955805
2092500,42.06466730899996,62.9099989,-107.099999999999,1.8551198764037844
2433800,26.267359740000018,43.6500006,-83.9,1.528267300562849
1882900,21.95327921500001,42.5,-269.199999999999,1.6221983195615912
1001000,43.065932571000076,46.2099997,-261.899999999999,1.9578608445213739
182100,25.832094452999968,32.809999500000004,-146.699999999999,1.6189793510355988
2753900,45.928643220000026,68.1099987,-358.6,1.4552771576003636
190100,29.86937718600001,7.9899998,-90.4,1.5304617348664222
64000,29.904487726000013,15.6300001,1.5,1.1814878682267678
2954700,28.32038292099992,20.110000900000003,-104.599999999999,1.5746530077976328
181800,11.499810171999997,50.1800003,-23.8999999999999,1.25527582796473
2757900,31.915010835999965,52.2699986,-84.2999999999999,1.6607119107725716
1842500,24.98860063699999,56.690000600000005,-39,1.5672107790930812
2771200,56.834871469999996,82.5999994,-55.7999999999999,2.3226588759727576
2468800,21.953623300000004,83.4099989,-392.399999999999,0.4450071685257764
1863000,17.231856804000017,42.0099983,-61.8999999999999,1.3272699868213753
2047300,19.879341360000012,44.1999998,-39.1,1.371816106564051
2481600,32.71277410699997,47.2000008,-225.8,1.7255376932776416
2468700,19.656065179999985,72.9699992,-101.3,1.4397130180518283
1873900,36.98410407,49.040000400000004,-169.599999999999,1.770078257332949
976800,27.856220046000033,31.9400005,-108,1.5783563609894105
2674200,19.29266406100004,50.1700005,-254.199999999999,1.4316771154126515
1872500,18.413692352999988,52.489999999999995,-24.3999999999999,1.4101178012215028
427900,18.173499516999982,25.3299995,-126.2,1.4441658471263539
1176400,29.78132907600002,50.25,-252.599999999999,1.632047507260878
240800,24.698731519000006,11.5,-9.8,1.080617723736054
2599400,42.54121064399999,33.5899997,-173.8,1.9905268179697968
1834500,30.22955057300004,38.5700005,-206.5,1.7634876094870098
197900,15.922622800999989,40.2200017,-47.2,1.2746976673893564
2485400,20.702164849999974,52.2000008,-253.5,1.4258647806284384
190500,44.728302961,53.6399989,-170.3,1.8875799438456655
45100,45.70828185200003,11.0299997,-178,2.2345863697272237
981500,23.672925378999935,20.2899998,-35,1.2449473249301028
1012100,21.480849216000024,36.3500004,-123.7,1.4820266463774292
2485900,18.72671030500004,63.5200023,-287,1.1585304070606468
741800,33.079369692,54.5200017,-153.699999999999,1.663501843489589
105200,56.400470600999995,23.4999998,-29.3,1.883511775121733
498800,27.475367594000033,42.0699997,-37.8999999999999,1.500224092337757
1007500,19.56119690999998,49.730001400000006,-91.5,1.4172588322693842
186400,45.85125501600004,49.8999996,-187,1.9373868177514335
2449400,48.222825639999996,76.8099976,-55.7,2.123047137670417
1022900,17.314085441999964,61.6400018,-145.9,1.3333605348686313
2503500,18.369233951000012,54.3700018,-456.899999999999,1.2738433550157482
439800,28.29003095600001,7.629999799999999,-92.7999999999999,1.5110186120734517
2473500,25.25555703599997,70.32999989999999,-502.699999999999,0.6875066551073834
2500100,18.126236553000012,54.930000899999996,-377.6,1.2804124534898644
2461400,57.08106619,58.75,-63,2.1805742818400367
2472000,44.84408140200003,71.0199995,-38.7999999999999,2.061211546518928
1015200,39.88192272899994,57.1500015,-129.699999999999,1.797114774308044
107600,61.000068183999986,5.6900001,-132.199999999999,2.3373792104676916
2760100,14.549734575999992,75.3899984,-316.3,0.7624304613883868
741700,25.867087822999963,11.5299997,-13.3,1.1189444517289526
1178000,38.79373071700002,51.8899999,-155,1.7866115427588294
2598500,32.78313155699999,68.3099976,-102,1.6871759611220518
117400,33.96868062699997,16.6700001,-3.4,1.2913962794782334
1879300,44.032314085999985,70.0999979,-197.199999999999,1.7039790136895199
2079400,17.774744559999988,27.0200005,-2,1.0976511492818888
2598600,23.31541839800002,59.3900004,-62.8999999999999,1.5341494854626678
2457600,58.26037126299997,43.5699992,-106.099999999999,2.162639017942661
1005800,18.180465792999996,34.6599998,-58.2,1.300320379032676
103600,46.00810661600002,13.66,-8.1,1.507408122395503
1009400,9.935103388000016,25.049999200000002,-22.5,0.9832123444722253
184200,33.72570473899998,29.069999199999998,-84.4,1.6327571678026722
982500,60.05484643800003,48.8800011,-312,2.252063771914589
1863200,21.89225737700002,68.2200002,-35.5,1.603964254142107
1862200,18.84692427600004,31.689999,-61.2999999999999,1.3031717032847052
102900,50.90362047000002,21.8000002,-190.3,2.291493209959868
182300,40.53796785500003,55.430001,-121.2,1.8178048808327834
1013800,31.549016059000053,47.0500001,-52.3999999999999,1.6246891846867033
969600,44.66281501399999,36.8500006,-151.8,1.9723454037116783
2474400,50.413723499000014,62.9999986,-456.8,1.5548516549017455
585100,31.895571238000002,52,-247.3,1.6450584503130254
993800,26.594567224000002,29.8899994,-218.699999999999,1.8174935904804115
1832800,34.14707498299998,28.2699996,-36.2999999999999,1.5154770262117137
2471100,23.212321284999973,57.4699995,-270,1.377318589762412
1835700,32.22786383799996,51.1399988,-55.7999999999999,1.6634666303979693
439500,41.57839285700004,22.6399997,-235.9,2.2498763574425293
2448700,37.493136875999994,54.5299997,-31.5,1.793833127795036
741500,41.447398582999995,17.8099997,-89.0999999999999,1.7684110030492195
2486600,28.42090140700003,52.5200014,-317.1,1.559852922512228
2491000,26.53253971800001,40.0499992,-45.5,1.4755880475560503
2474800,42.22745848399995,57.749999,-348.199999999999,1.6809813723863996
2470000,25.467979471999968,50.1700011,-483.399999999999,1.5769187596092231
193800,28.870555862999993,40.0800018,-61.7999999999999,1.5410436294341163
1020300,52.397040835999974,36.4099998,-3.5,1.8782461004473496
972000,22.420656527000006,62.2599984,-208.5,1.3517085089625784
1004600,28.49398442100005,57.839997499999996,-104.9,1.5947366945593324
2456100,32.370226221999985,38.1899995,-0.3,1.5091080558048924
191400,48.70643292599999,29.5900002,-6.7,1.734854568506893
103400,50.094108011,31.1400006,-27.1,1.8249286415498145
1875900,8.71415917500002,25.180000999999997,-7.5,0.9173621073667928
117600,59.12794247599999,5.3300000999999995,-61.7999999999999,1.94152656496658
2492100,15.78435887400002,66.4300013,-226.3,1.1471893790894505
2866000,19.093988309999986,53.180000299999996,-10.4,1.4327966604633071
740700,30.04834071299996,20.4200001,-140,1.7297787028727871
990700,28.322255446000042,64.15999980000001,-110.4,1.5860994897871157
1881900,18.18465436200006,51.7199993,-52,1.3968654012182067
184500,48.101731856000015,52.1100006,-54.6,1.9747860088137132
1018500,31.980920192999974,32.020000499999995,-130.599999999999,1.7061659123556203
195000,27.19361196599999,38.5700018,-108.4,1.5666325984036347
190200,39.52301896300003,35.0699994,-121.7,1.8277774818484263
2469800,29.195583400000032,52.799999299999996,-62.8999999999999,1.6136424383523322
872600,54.714195346,46.6899986,-205.9,2.145574945016941
2494500,21.86246848999997,53.609998700000006,-301.1,1.4125631313155431
189600,42.869943173000024,23.1000004,-51.7999999999999,1.690225236690485
2492900,30.104044893000037,74.9400005,-179.199999999999,1.4357895261778513
2483100,57.273017158000016,73.2099998,-132.4,2.0873336944981675
181700,26.316282390000026,30.1399994,-30.1999999999999,1.3655398218726018
2463300,16.796601838000015,70.6800003,-151.099999999999,1.274441172989328
2734000,35.09588456900002,61.7499988,-12.4,1.8324191383755246
998100,34.75195170300003,6.4399999999999995,-80.5,1.5717588328230345
106500,46.06563116000001,4.1500001,-344.399999999999,3.1694607170742746
1882100,36.26257216899995,43.4799995,-403.1,1.9954847169762626
2464500,12.778465686999994,57.390000799999996,-218.199999999999,1.213788412474367
1859900,48.25895109999999,73.7799988,-279,1.5425639249226983
983300,12.708991411999989,64.59000019999999,-35,1.3983367110638998
1407000,31.681602044999977,43.349999499999996,-70.4,1.6197879366252375
421800,9.820487134000018,6.8800001,-27.1,0.828957484670226
1558400,44.877316357999916,49.539999400000006,-147.4,1.9144473732266565
692600,18.27400693000004,22.1800003,-178.9,1.6231480977961579
2642000,30.378704397000035,29.0099998,-47.1,1.475713414395218
1481600,17.59355475199999,24.3899999,0.7,1.0547487931428678
2495600,24.557020790000024,59.2200013,-115.8,1.5097842855394727
1858200,38.984046542000044,59.5199995,-29.8999999999999,1.8670057712749266
1875100,14.328630852000003,78.409998,-29.6999999999999,1.5592875026834982
43900,27.051627854999992,9.2799997,-57.8999999999999,1.3266553608777458
418300,23.67739021700004,9.5100002,-30.8999999999999,1.1372691092874592
2762700,32.210832443000015,63.8200002,-301.3,1.391878225362467
971600,18.161998154000003,22.0600004,-58.6,1.2302869170151376
2452600,52.86612701500002,63.5900012,-76,2.1061403861512233
181400,27.730839371000002,12.8500004,-20.1999999999999,1.198430534702757
2463100,21.899441896999974,34.200001300000004,-68.0999999999999,1.388099628459452
1630100,19.557115365999948,46.4399987,-18.3,1.3719499015363965
1629500,23.88409355400006,37.0999994,-83.4,1.4635241001313517
2297800,22.057547037999996,43.6699995,-30,1.401959913886953
388700,53.23720734900007,31.6100006,-224.699999999999,2.322179170955387
778300,5.470951991999982,22.8499999,-23.6999999999999,0.8799383398134448
1870500,16.975618800999996,66.4300003,-66.0999999999999,1.4426659127737476
191100,49.425695761999975,29.4299999,-154.8,2.1070877102974457
2600600,15.895635937999998,80.8799987,-240.5,0.9122831692174769
197600,19.437550438000017,29.7700005,-28.3,1.2253762693007857
813100,34.18716915700003,21.6100006,-61.2999999999999,1.5450825939955222
93100,27.749077217999996,15.5300002,0,1.1447570146788324
1870200,15.50803334799997,24.0699998,-37.8999999999999,1.1277053156001438
2449800,36.28632343800001,55.8699989,-232.8,1.677160214943989
991700,21.722177576999968,10.9299997,-15.1999999999999,1.041339173806053
2467200,23.34907949699999,54.949999500000004,-240.3,1.4378205572478044
2489200,27.93797576700001,68.8200018,-139.599999999999,1.5203051378926493
2452300,14.756658633000029,67.9200015,-73.4,1.3934086045738499
2488600,18.757094531999996,61.2600007,-399,1.0782923813174734
2489900,34.50816778400002,37.269999999999996,-206.699999999999,1.860350325807942
1007200,20.22200226000001,57.9099998,-128.099999999999,1.4181935388278681
774400,49.879587958,9.29,-139.3,2.147141523954044
2598300,18.269166494000046,67.499998,-204.199999999999,1.221180903719172
779800,20.976830819999975,9.8199997,-16.8,1.0228074032504977
2630100,31.01957736700001,61.1700018,-85.5999999999999,1.6662185747506455
1005400,16.053720826000017,11.33,-47.3999999999999,1.079860827876922
2470600,18.29701133599997,43.0100016,-270.199999999999,1.543604073868641
2458300,13.082861600000001,56.0599985,-408.699999999999,1.1325218379223676
2673800,24.034436365000033,60.590001099999995,-253.099999999999,1.3546166337490344
1538600,28.585284040000033,46.960001,-95.5,1.5875121460183155
2630200,37.22593453600001,54.8099986,-148.099999999999,1.7440947761359278
501200,40.513380068000004,33.4599991,-151.099999999999,1.9074586329272607
1589100,27.65826401999999,55.5700016,-94.7999999999999,1.5826391524863
189800,22.798561113999995,35.1199999,-31.8,1.344352144051091
2459700,20.34400924800002,67.3000012,-330.5,1.036091200005946
717400,40.72171173100003,47.21000000000001,-142.099999999999,1.8422078885647668
310500,17.633730559000014,30.239999500000003,-45.6,1.2353937402671302
2169200,20.14365710499999,22.8499994,-71,1.3121115212077807
2500500,33.77223899500001,83.8399982,-85.0999999999999,1.7793271723988795
1018300,53.59722784400003,51.500000799999995,-153.9,2.073543939962146
1867300,41.753118520999976,31.6699995,-41.7999999999999,1.7013188368855567
195900,55.209951184999966,30.3199997,-149.5,2.2014436081595896
200300,50.480538165999974,53.6499994,-132.099999999999,2.0086561665008205
2394100,43.89518987800005,52.0700004,-44.1,1.8946139525849452
1849100,31.577062635999994,54.2799988,-87.5,1.6585700865703004
2459100,5.638111998999989,42.4000006,-0.6,1.045924979352772
2486300,14.237729946000002,68.29999939999999,-55.3999999999999,1.4193021046325138
199700,36.80965342000002,16.960000100000002,-70.5999999999999,1.6065401643452297
2451900,46.19187005399999,65.1099982,-90.7999999999999,1.9602454826135853
1015500,25.898778841000023,49.25,-55.6,1.5304737711421676
2463500,61.72963834699999,63.9099984,-296.199999999999,1.9652351265354602
2705700,21.98250679800003,47.6600001,-299.399999999999,1.5421427224987092
1003700,16.586017898999955,29.920000299999998,-94.2999999999999,1.3287625050617948
985000,44.63283853899998,20.990000000000002,-99.5999999999999,1.8720862277879906
2488100,39.279428026000005,39.919999499999996,-130.699999999999,1.8273482041574032
1487800,58.13995307799996,53.2699995,-119.3,2.1600071018774676
2393700,24.518636569000023,43.170000099999996,-97.2,1.5052225772277266
198100,42.03096102699999,22.6499994,-117.5,1.8807852355514072
2462400,26.963969499999962,85.3599987,-217.199999999999,1.1481928569353488
995200,45.708114250999984,41.3500004,-165.099999999999,1.9853929032518043
107900,45.15294793300001,2.17,-49.7,1.5897847635867484
503300,40.83449710399998,25.0600004,-207.199999999999,2.1173346589306608
2490400,42.647503391999976,73.1399994,-189.699999999999,1.6656300960313901
1848400,39.199313741000026,38.2900012,-107.9,1.7969393462283276
2478600,51.14511158799996,48.87999919999999,-167,2.043005149921755
2478200,33.33149029600003,49.8800009,-155.5,1.6919848820991388
2675000,24.50526549,55.0900011,-19.1999999999999,1.5540662611062823
102600,34.31281382499998,37.1899996,-219.4,1.8773468714337858
1178900,32.02882648600007,30.060000799999997,-198.699999999999,1.8727416580811103
2451200,13.501979036000023,54.3200005,-177.5,1.2794736896116006
968800,47.84449942800006,39.369999899999996,-131,1.9939254124654036
2484200,46.052319559999944,22.309999400000002,-103.099999999999,1.9120300994753892
2492600,32.573684614,36.540001600000004,-227.199999999999,1.8646993170970192
2460700,20.096297478999986,49.5500002,-216.4,1.4502522990874125
2046600,33.452895635000004,41.769999999999996,-107.7,1.6864276867167183
1023300,32.664845250999974,40.1799994,-148.199999999999,1.7209646466839978
2766200,37.946025523,47.079999900000004,-143.199999999999,1.7897858408109681
2710800,27.30534225599996,64.59000209999999,-183.8,1.456655892138868
2624000,21.731652656999984,54.289999200000004,-121.099999999999,1.4575364866712452
417400,36.933014506000006,14.3199997,-321.899999999999,2.633127724795436
2694000,24.483464104000007,58.48000139999999,-333.6,1.3318538805819466
2655900,8.251107310000009,41.7300015,-4.7,1.092461341908915
1884100,33.45577257999997,43.0900001,-212.5,1.7815858763981247
2599000,12.556695324000032,70.3000001,-208.599999999999,1.0719664089869771
1019500,31.83793437899999,56.0400014,-79.4,1.6721225716818842
2453500,20.325263984000003,38.6199993,-157.8,1.5038949409829252
2462200,38.259362469999985,77.8600035,-446.3,0.7742128908465165
196100,48.48388921100002,9.4000001,-20,1.5627822211878166
977500,41.63211824200005,52.0800012,-155.199999999999,1.840228808896783
106600,48.10052792100004,45.739999499999996,-125.099999999999,1.9793296231779633
2498600,23.135943580000003,37.8900003,-207.8,1.636348468529419
1842400,60.59992617700004,14.550000299999999,-149.8,2.378408728434428
101300,57.158324655,8.1700001,-119.7,2.1968259476355247
103900,29.030946087000018,22.6399991,-27.3,1.3428159591298352
2493100,17.980253794999953,56.0300005,-252.699999999999,1.3119274999827857
2459200,19.944431957000006,69.3499985,-163.9,1.3153759385504273
779200,43.37776610999998,30.1600009,-52.5,1.7464625098213384
2674000,11.570871053000019,48.0799999,-314,1.337923104392207
2466500,13.961678292999977,81.1800001,-184.099999999999,1.0595393839981873
1853200,42.93558925000002,44.0099983,-66.4,1.8359620101390584
2451700,18.450363415000027,48.88999940000001,-233.099999999999,1.4308370156645152
1881100,25.548531310999977,56.6800013,-51.1,1.5705020554126428
417900,35.683376039999985,26.7600003,-390.199999999999,2.4991713074591937
2497100,38.36715677800004,70.0100022,-81.0999999999999,1.8398085114624498
2677200,32.38980053199998,54.48999880000001,-287.3,1.6012964831386378
1833300,27.899859390000017,48.8199999,-33.6,1.5605823042327083
2494900,20.091925832000015,72.8700003,-423.699999999999,0.6675570805318829
1010100,35.98468968800006,59.6099997,-147.099999999999,1.6999796159118952
2762200,34.93664502799993,35.6799993,-153.5,1.7937684124444901
994900,27.158162483000012,49.6100001,-104.099999999999,1.565463407552199
2495000,45.568162108000024,38.6300008,-91.2,1.896073576948178
2471600,29.594603680999967,51.859999599999995,-251.199999999999,1.60266108060275
1864000,28.419263096999998,37.7999992,-36.3999999999999,1.482404217190525
418700,31.41966714299997,32.4299991,-343.6,2.1410367294765766
2486100,16.074293103000002,55.6500006,-207.599999999999,1.303781024324065
741200,37.43625071700001,37.4899997,-290.5,2.0426510269518374
2450500,55.942152546000045,62.700000700000004,-81.2,2.1554108530268823
2465600,31.43976461699998,30.2299994,-92.5999999999999,1.6111178691378143
1012500,29.823866409000004,45.8699989,-356.199999999999,1.7650199794579937
2767100,42.97405161400002,64.17000060000001,-425.1,1.4121026367275307
1012000,59.707325903000026,21.0100005,-37.2,1.9517276493935283
